MH=00000000
11101010
10000011
11110011
NAME=00110100
00110010
00000000
00000000
00000000
00000000
00000000
00000000
00000000
00000000
00000000
00000000
00000000
00000000
00000000
00000000
00000000
00000000
00000000
00000000
00000000
00000000
00000000
00000000
00000000
00000000
00000000
00000000
00000000
00000000
00000000
00000000
00000000
00000000
00000000
00000000
00000000
00000000
00000000
00000000
00000000
00000000
00000000
00000000
00000000
00000000
00000000
00000000
00000000
00000000
00000000
00000000
00000000
00000000
00000000
00000000
00000000
00000000
00000000
00000000
00000000
00000000
00000000
00000000
00000000
00000000
00000000
00000000
00000000
00000000
00000000
00000000
00000000
00000000
00000000
00000000
00000000
00000000
00000000
00000000
00000000
00000000
00000000
00000000
00000000
00000000
00000000
00000000
00000000
00000000
00000000
00000000
00000000
00000000
00000000
00000000
00000000
00000000
00000000
00000000
00000000
00000000
00000000
00000000
00000000
00000000
00000000
00000000
00000000
00000000
00000000
00000000
00000000
00000000
00000000
00000000
00000000
00000000
00000000
00000000
00000000
00000000
00000000
00000000
00000000
00000000
00000000
00000000
NULLS=00000000
00000000
00000000
00000000
EXCSZ=00000000
00000000
00000011
11100001
COMM=01001010
01110101
01110011
01110100
00100000
01100001
00100000
01100010
01100001
01110011
01101001
01100011
00100000
01010111
01101001
01101110
01101110
01100101
01110010
00100000
01010000
01110010
01101111
01100111
01110010
01100001
01101101
00000000
00000000
00000000
00000000
00000000
00000000
00000000
00000000
00000000
00000000
00000000
00000000
00000000
00000000
00000000
00000000
00000000
00000000
00000000
00000000
00000000
00000000
00000000
00000000
00000000
00000000
00000000
00000000
00000000
00000000
00000000
00000000
00000000
00000000
00000000
00000000
00000000
00000000
00000000
00000000
00000000
00000000
00000000
00000000
00000000
00000000
00000000
00000000
00000000
00000000
00000000
00000000
00000000
00000000
00000000
00000000
00000000
00000000
00000000
00000000
00000000
00000000
00000000
00000000
00000000
00000000
00000000
00000000
00000000
00000000
00000000
00000000
00000000
00000000
00000000
00000000
00000000
00000000
00000000
00000000
00000000
00000000
00000000
00000000
00000000
00000000
00000000
00000000
00000000
00000000
00000000
00000000
00000000
00000000
00000000
00000000
00000000
00000000
00000000
00000000
00000000
00000000
00000000
00000000
00000000
00000000
00000000
00000000
00000000
00000000
00000000
00000000
00000000
00000000
00000000
00000000
00000000
00000000
00000000
00000000
00000000
00000000
00000000
00000000
00000000
00000000
00000000
00000000
00000000
00000000
00000000
00000000
00000000
00000000
00000000
00000000
00000000
00000000
00000000
00000000
00000000
00000000
00000000
00000000
00000000
00000000
00000000
00000000
00000000
00000000
00000000
00000000
00000000
00000000
00000000
00000000
00000000
00000000
00000000
00000000
00000000
00000000
00000000
00000000
00000000
00000000
00000000
00000000
00000000
00000000
00000000
00000000
00000000
00000000
00000000
00000000
00000000
00000000
00000000
00000000
00000000
00000000
00000000
00000000
00000000
00000000
00000000
00000000
00000000
00000000
00000000
00000000
00000000
00000000
00000000
00000000
00000000
00000000
00000000
00000000
00000000
00000000
00000000
00000000
00000000
00000000
00000000
00000000
00000000
00000000
00000000
00000000
00000000
00000000
00000000
00000000
00000000
00000000
00000000
00000000
00000000
00000000
00000000
00000000
00000000
00000000
00000000
00000000
00000000
00000000
00000000
00000000
00000000
00000000
00000000
00000000
00000000
00000000
00000000
00000000
00000000
00000000
00000000
00000000
00000000
00000000
00000000
00000000
00000000
00000000
00000000
00000000
00000000
00000000
00000000
00000000
00000000
00000000
00000000
00000000
00000000
00000000
00000000
00000000
00000000
00000000
00000000
00000000
00000000
00000000
00000000
00000000
00000000
00000000
00000000
00000000
00000000
00000000
00000000
00000000
00000000
00000000
00000000
00000000
00000000
00000000
00000000
00000000
00000000
00000000
00000000
00000000
00000000
00000000
00000000
00000000
00000000
00000000
00000000
00000000
00000000
00000000
00000000
00000000
00000000
00000000
00000000
00000000
00000000
00000000
00000000
00000000
00000000
00000000
00000000
00000000
00000000
00000000
00000000
00000000
00000000
00000000
00000000
00000000
00000000
00000000
00000000
00000000
00000000
00000000
00000000
00000000
00000000
00000000
00000000
00000000
00000000
00000000
00000000
00000000
00000000
00000000
00000000
00000000
00000000
00000000
00000000
00000000
00000000
00000000
00000000
00000000
00000000
00000000
00000000
00000000
00000000
00000000
00000000
00000000
00000000
00000000
00000000
00000000
00000000
00000000
00000000
00000000
00000000
00000000
00000000
00000000
00000000
00000000
00000000
00000000
00000000
00000000
00000000
00000000
00000000
00000000
00000000
00000000
00000000
00000000
00000000
00000000
00000000
00000000
00000000
00000000
00000000
00000000
00000000
00000000
00000000
00000000
00000000
00000000
00000000
00000000
00000000
00000000
00000000
00000000
00000000
00000000
00000000
00000000
00000000
00000000
00000000
00000000
00000000
00000000
00000000
00000000
00000000
00000000
00000000
00000000
00000000
00000000
00000000
00000000
00000000
00000000
00000000
00000000
00000000
00000000
00000000
00000000
00000000
00000000
00000000
00000000
00000000
00000000
00000000
00000000
00000000
00000000
00000000
00000000
00000000
00000000
00000000
00000000
00000000
00000000
00000000
00000000
00000000
00000000
00000000
00000000
00000000
00000000
00000000
00000000
00000000
00000000
00000000
00000000
00000000
00000000
00000000
00000000
00000000
00000000
00000000
00000000
00000000
00000000
00000000
00000000
00000000
00000000
00000000
00000000
00000000
00000000
00000000
00000000
00000000
00000000
00000000
00000000
00000000
00000000
00000000
00000000
00000000
00000000
00000000
00000000
00000000
00000000
00000000
00000000
00000000
00000000
00000000
00000000
00000000
00000000
00000000
00000000
00000000
00000000
00000000
00000000
00000000
00000000
00000000
00000000
00000000
00000000
00000000
00000000
00000000
00000000
00000000
00000000
00000000
00000000
00000000
00000000
00000000
00000000
00000000
00000000
00000000
00000000
00000000
00000000
00000000
00000000
00000000
00000000
00000000
00000000
00000000
00000000
00000000
00000000
00000000
00000000
00000000
00000000
00000000
00000000
00000000
00000000
00000000
00000000
00000000
00000000
00000000
00000000
00000000
00000000
00000000
00000000
00000000
00000000
00000000
00000000
00000000
00000000
00000000
00000000
00000000
00000000
00000000
00000000
00000000
00000000
00000000
00000000
00000000
00000000
00000000
00000000
00000000
00000000
00000000
00000000
00000000
00000000
00000000
00000000
00000000
00000000
00000000
00000000
00000000
00000000
00000000
00000000
00000000
00000000
00000000
00000000
00000000
00000000
00000000
00000000
00000000
00000000
00000000
00000000
00000000
00000000
00000000
00000000
00000000
00000000
00000000
00000000
00000000
00000000
00000000
00000000
00000000
00000000
00000000
00000000
00000000
00000000
00000000
00000000
00000000
00000000
00000000
00000000
00000000
00000000
00000000
00000000
00000000
00000000
00000000
00000000
00000000
00000000
00000000
00000000
00000000
00000000
00000000
00000000
00000000
00000000
00000000
00000000
00000000
00000000
00000000
00000000
00000000
00000000
00000000
00000000
00000000
00000000
00000000
00000000
00000000
00000000
00000000
00000000
00000000
00000000
00000000
00000000
00000000
00000000
00000000
00000000
00000000
00000000
00000000
00000000
00000000
00000000
00000000
00000000
00000000
00000000
00000000
00000000
00000000
00000000
00000000
00000000
00000000
00000000
00000000
00000000
00000000
00000000
00000000
00000000
00000000
00000000
00000000
00000000
00000000
00000000
00000000
00000000
00000000
00000000
00000000
00000000
00000000
00000000
00000000
00000000
00000000
00000000
00000000
00000000
00000000
00000000
00000000
00000000
00000000
00000000
00000000
00000000
00000000
00000000
00000000
00000000
00000000
00000000
00000000
00000000
00000000
00000000
00000000
00000000
00000000
00000000
00000000
00000000
00000000
00000000
00000000
00000000
00000000
00000000
00000000
00000000
00000000
00000000
00000000
00000000
00000000
00000000
00000000
00000000
00000000
00000000
00000000
00000000
00000000
00000000
00000000
00000000
00000000
00000000
00000000
00000000
00000000
00000000
00000000
00000000
00000000
00000000
00000000
00000000
00000000
00000000
00000000
00000000
00000000
00000000
00000000
00000000
00000000
00000000
00000000
00000000
00000000
00000000
00000000
00000000
00000000
00000000
00000000
00000000
00000000
00000000
00000000
00000000
00000000
00000000
00000000
00000000
00000000
00000000
00000000
00000000
00000000
00000000
00000000
00000000
00000000
00000000
00000000
00000000
00000000
00000000
00000000
00000000
00000000
00000000
00000000
00000000
00000000
00000000
00000000
00000000
00000000
00000000
00000000
00000000
00000000
00000000
00000000
00000000
00000000
00000000
00000000
00000000
00000000
00000000
00000000
00000000
00000000
00000000
00000000
00000000
00000000
00000000
00000000
00000000
00000000
00000000
00000000
00000000
00000000
00000000
00000000
00000000
00000000
00000000
00000000
00000000
00000000
00000000
00000000
00000000
00000000
00000000
00000000
00000000
00000000
00000000
00000000
00000000
00000000
00000000
00000000
00000000
00000000
00000000
00000000
00000000
00000000
00000000
00000000
00000000
00000000
00000000
00000000
00000000
00000000
00000000
00000000
00000000
00000000
00000000
00000000
00000000
00000000
00000000
00000000
00000000
00000000
00000000
00000000
00000000
00000000
00000000
00000000
00000000
00000000
00000000
00000000
00000000
00000000
00000000
00000000
00000000
00000000
00000000
00000000
00000000
00000000
00000000
00000000
00000000
00000000
00000000
00000000
00000000
00000000
00000000
00000000
00000000
00000000
00000000
00000000
00000000
00000000
00000000
00000000
00000000
00000000
00000000
00000000
00000000
00000000
00000000
00000000
00000000
00000000
00000000
00000000
00000000
00000000
00000000
00000000
00000000
00000000
00000000
00000000
00000000
00000000
00000000
00000000
00000000
00000000
00000000
00000000
00000000
00000000
00000000
00000000
00000000
00000000
00000000
00000000
00000000
00000000
00000000
00000000
00000000
00000000
00000000
00000000
00000000
00000000
00000000
00000000
00000000
00000000
00000000
00000000
00000000
00000000
00000000
00000000
00000000
00000000
00000000
00000000
00000000
00000000
00000000
00000000
00000000
00000000
00000000
00000000
00000000
00000000
00000000
00000000
00000000
00000000
00000000
00000000
00000000
00000000
00000000
00000000
00000000
00000000
00000000
00000000
00000000
00000000
00000000
00000000
00000000
00000000
00000000
00000000
00000000
00000000
00000000
00000000
00000000
00000000
00000000
00000000
00000000
00000000
00000000
00000000
00000000
00000000
00000000
00000000
00000000
00000000
00000000
00000000
00000000
00000000
00000000
00000000
00000000
00000000
00000000
00000000
00000000
00000000
00000000
00000000
00000000
00000000
00000000
00000000
00000000
00000000
00000000
00000000
00000000
00000000
00000000
00000000
00000000
00000000
00000000
00000000
00000000
00000000
00000000
00000000
00000000
00000000
00000000
00000000
00000000
00000000
00000000
00000000
00000000
00000000
00000000
00000000
00000000
00000000
00000000
00000000
00000000
00000000
00000000
00000000
00000000
00000000
00000000
00000000
00000000
00000000
00000000
00000000
00000000
00000000
00000000
00000000
00000000
00000000
00000000
00000000
00000000
00000000
00000000
00000000
00000000
00000000
00000000
00000000
00000000
00000000
00000000
00000000
00000000
00000000
00000000
00000000
00000000
00000000
00000000
00000000
00000000
00000000
00000000
00000000
00000000
00000000
00000000
00000000
00000000
00000000
00000000
00000000
00000000
00000000
00000000
00000000
00000000
00000000
00000000
00000000
00000000
00000000
00000000
00000000
00000000
00000000
00000000
00000000
00000000
00000000
00000000
00000000
00000000
00000000
00000000
00000000
00000000
00000000
00000000
00000000
00000000
00000000
00000000
00000000
00000000
00000000
00000000
00000000
00000000
00000000
00000000
00000000
00000000
00000000
00000000
00000000
00000000
00000000
00000000
00000000
00000000
00000000
00000000
00000000
00000000
00000000
00000000
00000000
00000000
00000000
00000000
00000000
00000000
00000000
00000000
00000000
00000000
00000000
00000000
00000000
00000000
00000000
00000000
00000000
00000000
00000000
00000000
00000000
00000000
00000000
00000000
00000000
00000000
00000000
00000000
00000000
00000000
00000000
00000000
00000000
00000000
00000000
00000000
00000000
00000000
00000000
00000000
00000000
00000000
00000000
00000000
00000000
00000000
00000000
00000000
00000000
00000000
00000000
00000000
00000000
00000000
00000000
00000000
00000000
00000000
00000000
00000000
00000000
00000000
00000000
00000000
00000000
00000000
00000000
00000000
00000000
00000000
00000000
00000000
00000000
00000000
00000000
00000000
00000000
00000000
00000000
00000000
00000000
00000000
00000000
00000000
00000000
00000000
00000000
00000000
00000000
00000000
00000000
00000000
00000000
00000000
00000000
00000000
00000000
00000000
00000000
00000000
00000000
00000000
00000000
00000000
00000000
00000000
00000000
00000000
00000000
00000000
00000000
00000000
00000000
00000000
00000000
00000000
00000000
00000000
00000000
00000000
00000000
00000000
00000000
00000000
00000000
00000000
00000000
00000000
00000000
00000000
00000000
00000000
00000000
00000000
00000000
00000000
00000000
00000000
00000000
00000000
00000000
00000000
00000000
00000000
00000000
00000000
00000000
00000000
00000000
00000000
00000000
00000000
00000000
00000000
00000000
00000000
00000000
00000000
00000000
00000000
00000000
00000000
00000000
00000000
00000000
00000000
00000000
00000000
00000000
00000000
00000000
00000000
00000000
00000000
00000000
00000000
00000000
00000000
00000000
00000000
00000000
00000000
00000000
00000000
00000000
00000000
00000000
00000000
00000000
00000000
00000000
00000000
00000000
00000000
00000000
00000000
00000000
00000000
00000000
00000000
00000000
00000000
00000000
00000000
00000000
00000000
00000000
00000000
00000000
00000000
00000000
00000000
00000000
00000000
00000000
00000000
00000000
00000000
00000000
00000000
00000000
00000000
00000000
00000000
00000000
00000000
00000000
00000000
00000000
00000000
00000000
00000000
00000000
00000000
00000000
00000000
00000000
00000000
00000000
00000000
00000000
00000000
00000000
00000000
00000000
00000000
00000000
00000000
00000000
00000000
00000000
00000000
00000000
00000000
00000000
00000000
00000000
00000000
00000000
00000000
00000000
00000000
00000000
00000000
00000000
00000000
00000000
00000000
00000000
00000000
00000000
00000000
00000000
00000000
00000000
00000000
00000000
00000000
00000000
00000000
00000000
00000000
00000000
00000000
00000000
00000000
00000000
00000000
00000000
00000000
00000000
00000000
00000000
00000000
00000000
00000000
00000000
00000000
00000000
00000000
00000000
00000000
00000000
00000000
00000000
00000000
00000000
00000000
00000000
00000000
00000000
00000000
00000000
00000000
00000000
00000000
00000000
00000000
00000000
00000000
00000000
00000000
00000000
00000000
00000000
00000000
00000000
00000000
00000000
00000000
00000000
00000000
00000000
00000000
00000000
00000000
00000000
00000000
00000000
00000000
00000000
00000000
00000000
00000000
00000000
00000000
00000000
00000000
00000000
00000000
00000000
00000000
00000000
00000000
00000000
00000000
00000000
00000000
00000000
00000000
00000000
00000000
00000000
00000000
00000000
00000000
00000000
00000000
00000000
00000000
00000000
00000000
00000000
00000000
00000000
00000000
00000000
00000000
00000000
00000000
00000000
00000000
00000000
00000000
00000000
00000000
00000000
00000000
00000000
00000000
00000000
00000000
00000000
00000000
00000000
00000000
00000000
00000000
00000000
00000000
00000000
00000000
00000000
00000000
00000000
00000000
00000000
00000000
00000000
00000000
00000000
00000000
00000000
00000000
00000000
00000000
00000000
00000000
00000000
00000000
00000000
00000000
00000000
00000000
00000000
00000000
00000000
00000000
00000000
00000000
00000000
00000000
00000000
00000000
00000000
00000000
00000000
00000000
00000000
00000000
00000000
00000000
00000000
00000000
00000000
00000000
00000000
00000000
00000000
00000000
00000000
00000000
00000000
00000000
00000000
00000000
00000000
00000000
00000000
00000000
00000000
00000000
00000000
00000000
00000000
00000000
00000000
00000000
00000000
00000000
00000000
00000000
00000000
00000000
00000000
00000000
00000000
00000000
00000000
00000000
00000000
00000000
00000000
00000000
00000000
00000000
00000000
00000000
00000000
00000000
00000000
00000000
00000000
00000000
00000000
00000000
00000000
00000000
00000000
00000000
00000000
00000000
00000000
00000000
00000000
00000000
00000000
00000000
00000000
00000000
00000000
00000000
00000000
00000000
00000000
00000000
00000000
00000000
00000000
00000000
00000000
00000000
00000000
00000000
00000000
00000000
00000000
00000000
00000000
00000000
00000000
00000000
00000000
00000000
00000000
00000000
00000000
00000000
00000000
00000000
00000000
00000000
00000000
00000000
00000000
00000000
00000000
00000000
00000000
00000000
00000000
00000000
00000000
00000000
00000000
00000000
00000000
00000000
00000000
00000000
00000000
00000000
00000000
00000000
00000000
00000000
00000000
00000000
00000000
00000000
00000000
00000000
00000000
00000000
00000000
00000000
00000000
00000000
00000000
00000000
00000000
00000000
00000000
00000000
00000000
00000000
00000000
00000000
00000000
00000000
00000000
00000000
00000000
00000000
00000000
00000000
00000000
00000000
00000000
00000000
00000000
00000000
00000000
00000000
00000000
00000000
00000000
00000000
00000000
00000000
00000000
00000000
00000000
00000000
00000000
00000000
00000000
00000000
00000000
00000000
00000000
00000000
00000000
00000000
00000000
00000000
00000000
00000000
00000000
00000000
00000000
00000000
00000000
00000000
00000000
00000000
00000000
00000000
00000000
00000000
00000000
00000000
00000000
00000000
00000000
00000000
00000000
00000000
00000000
00000000
00000000
00000000
00000000
00000000
00000000
00000000
00000000
00000000
00000000
00000000
00000000
00000000
00000000
00000000
00000000
00000000
00000000
00000000
00000000
00000000
00000000
00000000
00000000
00000000
00000000
00000000
00000000
00000000
00000000
00000000
00000000
00000000
00000000
00000000
00000000
00000000
00000000
00000000
00000000
00000000
00000000
00000000
00000000
00000000
00000000
00000000
00000000
00000000
00000000
00000000
00000000
00000000
00000000
00000000
00000000
00000000
00000000
00000000
00000000
00000000
00000000
00000000
00000000
00000000
00000000
00000000
00000000
00000000
00000000
00000000
00000000
00000000
00000000
00000000
00000000
00000000
00000000
00000000
00000000
00000000
00000000
00000000
00000000
00000000
00000000
00000000
00000000
00000000
00000000
00000000
00000000
00000000
00000000
00000000
00000000
00000000
00000000
00000000
00000000
00000000
00000000
00000000
00000000
00000000
00000000
00000000
00000000
00000000
00000000
00000000
00000000
00000000
00000000
00000000
00000000
00000000
00000000
00000000
00000000
00000000
00000000
00000000
00000000
00000000
00000000
00000000
00000000
00000000
00000000
00000000
00000000
00000000
00000000
00000000
00000000
00000000
00000000
00000000
00000000
00000000
00000000
00000000
00000000
00000000
00000000
00000000
00000000
00000000
00000000
00000000
00000000
NULLS2=00000000
00000000
00000000
00000000
EXCode=00000001
00000000
00000000
00000000
00101010
00000010
10010000
00000000
00000000
00000000
00000000
00000101
00000010
10010000
00000000
00000000
00000000
00000000
00000101
00001001
00000001
00011001
00001011
01101000
00000001
00000000
10000010
00000000
00000001
00000010
10010000
00000000
00000000
00001001
00000000
00001010
00000010
10010000
00000000
00000000
00000000
00000001
00000101
00000010
10010000
00000000
00000000
00000000
00000000
00001011
00000010
10010000
00000000
00000000
00000000
00000100
00000011
00000001
00000000
00000000
00000000
00101010
00001100
00000000
01000101
00000001
00000000
00000000
00000010
11100110
00000101
01010100
00000011
00000101
00000011
00001001
00000001
01110100
00000010
10010000
00000000
00000000
00000000
00000000
00001011
00001100
00000000
11010100
00000001
00000000
00000000
00000000
00101010
00001011
01101000
00001010
11111110
00000010
00000000
00000000
00001011
01101000
00001010
11111110
01101100
00000000
00000000
00001011
01101000
00001010
11111110
11010001
00000000
00000000
00001011
01101000
00001010
11111111
00110110
00000000
00000000
00000010
10010000
00000000
00000000
00000000
00000000
00001011
00001001
11111111
10111001
00000010
10010000
00000000
00000000
00000001
01110000
00000010
00000010
10010000
00000000
00000000
00000000
00000000
00000011
00000010
10010000
00000000
00000000
00000000
00000100
00000100
00000001
00000000
00000000
00000000
00000001
00001011
01100100
00001010
11111110
00000010
00000010
00001011
01100100
00001010
11111110
00000010
00000011
00000100
01010100
00000100
00000101
00000100
00000100
01010100
00000011
00000100
00000011
00000101
01010100
00000010
00000100
00000010
00001001
11111111
11001011
00000010
10010000
00000000
00000000
00000000
00000000
00001011
00001001
11111111
11010110
00001001
00000001
00100101
00001001
00000000
00000000
00001001
00000000
00000000
00001001
00000000
00000000
00001001
00000000
00000000
00001001
00000000
00000000
00001001
00000000
00000000
00001001
00000000
00000000
00001001
00000000
00000000
00001001
00000000
00000000
00001001
00000000
00000000
00001001
00000000
00000000
00001001
00000000
00000000
00001001
00000000
00000000
00001001
00000000
00000000
00001001
00000000
00000000
00001001
00000000
00000000
00001001
00000000
00000000
00001001
00000000
00000000
00000101
01010100
00000110
00000100
00000110
00000100
01010100
00000110
00000110
00001011
00001010
10010100
11111111
11000000
00000110
00000111
00001011
01100100
00000111
11111110
00000010
00001011
00000001
00000000
00000000
00000000
00000001
00000010
10010000
00000000
00000000
00000000
00000000
00001010
00001011
01100100
00000111
11111111
00000110
00000110
00001001
11111111
01000000
00001001
00000001
01111000
00001011
01101000
00000001
00000001
01001101
00000000
00000010
00001010
10100100
00000001
01000110
00000000
00000011
00000010
00001011
01101000
00000010
11111110
11000110
11111111
11111100
00001010
10100100
00000001
00111000
11111111
11111111
00000010
00001011
01101000
00000010
11111110
10111000
11111111
11111000
00001011
01101000
00000001
11111111
11000101
00000000
00000001
00001011
01101000
00000001
00000000
00100011
00000000
00000001
00000010
10010000
00000000
00000000
00000000
00000000
00000010
00000010
10010000
00000000
00000000
00000000
00001000
00000011
00000010
10010000
00000000
00000000
00000000
00000001
00000100
00000010
10010000
00000000
00000000
00000000
00000000
00000110
00000001
00000000
00000000
00000000
00000001
00000101
01010100
00000011
00000100
00000011
00001001
00000000
11111101
00001100
00000000
00100000
00000011
01010000
00000101
00000010
00001000
01010100
00001010
00001010
00001010
00000100
01010100
00001010
00001010
00001010
00000100
01010100
00000110
00000110
00000110
00000010
10010000
00000000
00000000
00000000
00000000
00001010
00001001
11111111
11010110
00000100
01010100
00000010
00000100
00000010
00000100
01010100
00000110
00000110
00000110
00000100
01010100
00000110
00000100
00000110
00000010
10010000
00000000
00000000
00000000
00000000
00001010
00001001
11111111
10111101
00000001
00000000
00000000
00000000
00101010
00000010
10010000
00000000
00000000
00000000
00001001
00000011
00001011
01101000
00000011
11111110
11111101
11111111
11111010
00000010
10010000
00000000
00000000
00000000
00000010
00000011
00001011
01101000
00000011
11111110
11101111
11111111
11110000
00000010
10010000
00000000
00000000
00000000
00000000
00000011
00001001
00000000
10111101
00001011
01101000
00000001
00000000
01001101
00000000
00000001
00001011
01101000
00000001
00000000
01001011
00000000
00000001
00001011
01101000
00000001
00000000
01001001
00000000
00000001
00001011
01101000
00000001
00000000
01000111
00000000
00000001
00001011
01101000
00000001
00000000
01000101
00000000
00000001
00001011
01101000
00000001
00000000
01000011
00000000
00000001
00001011
01101000
00000001
00000000
01000001
00000000
00000001
00001011
01101000
00000001
00000000
00111111
00000000
00000001
00001011
01101000
00000001
00000000
00111101
00000000
00000001
00001011
01101000
00000001
00000000
00111011
00000000
00000001
00001011
01101000
00000001
00000000
00111001
00000000
00000001
00000001
00000000
00000000
00000000
00000001
00000001
00000000
00000000
00000000
00000001
00000001
00000000
00000000
00000000
00000001
00000001
00000000
00000000
00000000
00000001
00000001
00000000
00000000
00000000
00000001
00000001
00000000
00000000
00000000
00000001
00000001
00000000
00000000
00000000
00000001
00000001
00000000
00000000
00000000
00000001
00000001
00000000
00000000
00000000
00000001
00000001
00000000
00000000
00000000
00000001
00000001
00000000
00000000
00000000
00000001
00001001
11111111
11001001
00001001
11111111
01111001
00000001
00000000
00000000
00000000
00000000
00000010
10010000
00000000
00000000
00000000
00000001
00000001
00001011
01101000
00000001
00000001
00001000
00000000
00000001
00000111
01010100
00000010
00000010
00000010
00001001
00000000
10110110
00000101
01010100
00000010
00000100
00000010
00001001
11111110
01101010
00000010
10010000
00000000
00000000
00000000
00000000
00000010
00001001
11111111
01001100
00001001
00000000
11110110
00000010
10010000
00000000
00000000
00000000
00001001
00000011
00001011
01101000
00000011
00000001
00110001
11111111
11111010
00000010
10010000
00000000
00000000
00000000
00000010
00000011
00001011
01101000
00000011
00000001
00100011
11111111
11110000
00000010
10010000
00000000
00000000
00000000
00000000
00000011
00001001
11111111
00100011
00001001
00000000
00000000
00001001
00000000
00000000
00001001
00000000
00000000
00001001
00000000
00000000
00001001
00000000
00000000
00001001
00000000
00000000
00001001
00000000
00000000
00001001
00000000
00000000
00001001
00000000
00000000
00001001
00000000
00000000
00001001
00000000
00000000
00001001
00000000
00000000
00001001
00000000
00000000
00001001
00000000
00000000
00001001
00000000
00000000
00001001
00000000
00000000
00001001
00000000
00000000
00001001
00000000
00000000
00001001
00000000
00000000
00001001
00000000
00000000
00001001
00000000
00000000
00001001
00000000
00000000
00001001
00000000
00000000
00001001
00000000
00000000
00001001
00000000
00000000
00001001
00000000
00000000
00001001
00000000
00000000
00001001
00000000
00000000
00001001
00000000
00000000
00001001
00000000
00000000
00001001
00000000
00000000
00001001
00000000
00000000
00001001
00000000
00000000
00001001
00000000
00000000
00001001
00000000
00000000
00001001
00000000
00000000
00001001
00000000
00000000
00001001
00000000
00000000
00001001
00000000
00000000
00001001
00000000
00000000
00000010
10010000
00000000
00000000
00000000
00001010
00001000
00000101
01010100
00000110
00001000
00000110
00000110
01100100
00000110
00000000
00000000
00000000
00000000
00001000
00001001
00000000
00001111
00000010
10010000
00000000
00000000
00000000
01110110
00001000
00000100
01010100
00000110
00001000
00000110
00000100
01010100
00000110
00000110
00000110
00000010
10010000
00000000
00000000
00000001
00010000
00001000
00000010
10010000
00000000
00000000
00000000
00011101
00001001
00001010
10010100
11111111
01010010
00000110
00000111
00001011
01010100
00000111
00001000
00000110
00001011
01010100
00000111
00001001
00000110
00000001
00000000
00000000
00000000
00000001
00000010
10010000
00000000
00000000
00000000
00000000
00001010
00001001
00000000
10111010
00000010
10010000
00000000
00000000
00000001
10101001
00000010
00000010
10010000
00000000
00000000
00000000
00000000
00000011
00000010
10010000
00000000
00000000
00000000
00000100
00000100
00000001
00000000
00000000
00000000
00101010
00001011
01100100
00001010
00000000
00101011
00000010
00001011
01100100
00001010
00000000
00100101
00000011
00000100
01010100
00000100
00000101
00000100
00000100
01010100
00000011
00000100
00000011
00000101
01010100
00000010
00000100
00000010
00001001
11111111
11001011
00000010
10010000
00000000
00000000
00000000
00000000
00001011
00001001
11111111
11010110
00001001
11111110
10011000
00000001
00000000
00000000
00000010
01111001
